function dhdx = dhdx(x,c)

% Ableitung
dhdx = [0,0,0,0,0,0,0,0,0,0,c(9)./24+(c(6).*x(11))./12+(c(7).*x(12))./24,c(10)./24+(c(7).*x(11))./24+(c(8).*x(12))./12;
        0,0,0,0,0,0,0,0,0,0,c(12),0;
        0,0,0,0,0,0,0,0,0,0,0,c(13);
        0,0,1,0,0,0,0,0,0,0,0,0;
        0,0,0,-1./c(14),0,0,0,0,0,0,0,0;
        0,0,0,-x(10)./(c(14)-x(4)).^2,0,0,0,0,0,-1./(c(14)-x(4)),0,0];
end
