%created automatically with SPI_JacGen_Wilms
%    14-Apr-2023 12:15:48

JacP = [a11.*x5,a12.*x6,a13.*x7,a14.*x8,0,0;
a21.*x5,a22.*x6,a23.*x7,a24.*x8,0,0;
-a31.*x5,-a32.*x6,a33.*x7,-a34.*x8,0,0;
-a41.*x5,-a42.*x6,-a43.*x7,-a44.*x8,0,0;
-x5,0,0,0,a55.*x9,c1.*u.*xi5;
0,-x6,0,0,0,-c1.*u.*xi5;
0,0,-x7,0,a75.*x9,0;
0,0,0,-x8,a85.*x9,0;
a91.*x5,a92.*x6,a93.*x7,a94.*x8,-x9,0;
0,0,0,0,0,0;
0,0,0,0,0,0;
0,0,0,0,0,0];