%created automatically with SPI_JacGen_Wilms
%    25-Jan-2023 15:38:01

JacP = [a11.*x3,a12.*x4,a13.*x5,0;
a21.*x3,a22.*x4,a23.*x5,0;
-x3,0,0,a54.*x6;
0,-x4,0,a64.*x6;
0,0,-x5,a74.*x6;
a81.*x3,a82.*x4,a83.*x5,-x6;
0,0,0,0;
0,0,0,0];