%created automatically with SPI_JacGen_Wilms
%    25-Jan-2023 15:38:00

JacX = [-c2-c1.*u,0,a11.*th1,a12.*th2,a13.*th3,0,c3,0;
0,-c2-c1.*u,a21.*th1,a22.*th2,a23.*th3,0,0,c4;
0,0,-th1-c1.*u,0,0,a54.*th4,0,0;
0,0,0,-th2-c1.*u,0,a64.*th4,0,0;
0,0,0,0,-th3-c1.*u,a74.*th4,0,0;
0,0,a81.*th1,a82.*th2,a83.*th3,-th4-c1.*u,0,0;
c5,0,0,0,0,0,c20+2.*c18.*x7+c19.*x8+3.*c15.*x7.^2+c17.*x8.^2+2.*c16.*x7.*x8,c19.*x7+c16.*x7.^2+2.*c17.*x7.*x8;
0,c5,0,0,0,0,c18.*x8+c16.*x8.^2+2.*c15.*x7.*x8,c21+c18.*x7+2.*c19.*x8+c15.*x7.^2+3.*c17.*x8.^2+2.*c16.*x7.*x8];