Scenario_1a_quadratic_no_feedback_mismatch_1std_ch_NRMSE_pH =  0.00267042039142384
Scenario_1a_quadratic_no_feedback_mismatch_1std_ch_NRMSE_gas =  0.08202838233624825
Scenario_1a_quadratic_no_feedback_mismatch_1std_ch_NRMSE_ch4 =  0.0764646405169839
Scenario_1a_quadratic_no_feedback_mismatch_1std_pr_NRMSE_pH =  0.0013456119580069973
Scenario_1a_quadratic_no_feedback_mismatch_1std_pr_NRMSE_gas =  0.006281124307551851
Scenario_1a_quadratic_no_feedback_mismatch_1std_pr_NRMSE_ch4 =  0.008709912057327485
Scenario_1a_quadratic_no_feedback_mismatch_1std_li_NRMSE_pH =  4.2359016466896544e-05
Scenario_1a_quadratic_no_feedback_mismatch_1std_li_NRMSE_gas =  0.0028256971981195683
Scenario_1a_quadratic_no_feedback_mismatch_1std_li_NRMSE_ch4 =  0.003923972081293326